Subj	Hit-Hit-V	Hit-Hit-S	Hit-Hit-NR	Hit-FA-V	Hit-FA-S	Hit-FA-NR	Hit-NR-V	Hit-NR-S	Hit-NR-NR	FA-Hit-V	FA-Hit-S	FA-Hit-NR	FA-FA-V	FA-FA-S	FA-FA-NR	FA-NR-V	FA-NR-S	FA-NR-NR	Miss-Hit-V	Miss-Hit-S	Miss-Hit-NR	Miss-FA-V	Miss-FA-S	Miss-FA-NR	Miss-NR-V	Miss-NR-S	Miss-NR-NR	CR-Hit-V	CR-Hit-S	CR-Hit-NR	CR-FA-V	CR-FA-S	CR-FA-NR	CR-NR-V	CR-NR-S	CR-NR-NR	NR-Hit-V	NR-Hit-S	NR-Hit-NR	NR-FA-V	NR-FA-S	NR-FA-NR	NR-NR-V	NR-NR-S	NR-NR-NR
s1295	36	20	0	10	13	0	0	0	0	9	20	0	12	26	0	0	0	0	4	9	0	3	5	0	0	0	0	10	10	0	5	8	0	0	0	0	0	0	0	0	0	0	0	0	0
s1859	69	0	0	8	0	0	0	0	0	15	0	0	19	0	0	0	0	0	17	0	0	6	0	0	0	0	0	52	0	0	14	0	0	0	0	0	0	0	0	0	0	0	0	0	0
s1875	25	18	0	8	13	0	0	0	3	10	13	0	13	14	0	0	0	2	6	12	0	6	6	0	0	0	1	5	19	0	9	13	0	0	0	0	0	4	0	0	0	0	0	0	0
s1949	53	19	0	3	8	0	0	0	1	6	11	0	7	11	0	0	0	1	3	6	0	1	0	0	0	0	0	33	9	0	4	6	0	0	0	2	6	6	0	3	1	0	0	0	0
s2439	23	20	0	5	23	0	0	0	1	14	23	0	20	23	0	0	0	0	6	9	0	5	7	0	0	0	0	1	9	0	2	8	0	0	0	0	0	0	0	0	1	0	0	0	0
s2575	21	21	0	6	21	0	0	0	0	8	25	0	10	16	0	0	0	0	9	10	0	0	12	0	0	0	0	3	20	0	1	16	0	0	0	1	0	0	0	0	0	0	0	0	0
s3013	16	14	0	4	9	0	0	0	10	4	8	0	13	10	0	0	0	1	8	15	0	3	6	0	0	0	7	13	9	0	12	12	0	0	0	12	1	4	0	4	3	0	0	0	2
s3018	12	15	0	34	22	0	0	0	1	24	20	0	14	14	0	0	0	0	1	1	0	7	6	0	0	0	0	11	10	0	3	4	0	0	0	0	0	1	0	0	0	0	0	0	0
s3023	55	14	0	5	13	0	0	0	2	21	20	0	11	19	0	0	0	1	1	5	0	2	3	0	0	0	0	12	10	0	1	5	0	0	0	0	0	0	0	0	0	0	0	0	0
s3031	16	30	0	7	30	0	0	0	1	13	26	0	8	14	0	0	0	0	0	5	0	3	8	0	0	0	0	23	8	0	2	3	0	0	0	0	1	0	0	1	1	0	0	0	0
s3042	24	24	0	0	12	0	0	0	5	6	17	0	4	15	0	0	0	6	2	4	0	0	4	0	0	0	0	12	9	0	0	5	0	0	0	5	13	18	0	0	8	0	0	0	7
s3043	44	23	0	3	11	0	0	0	0	13	16	0	12	19	0	0	0	0	6	5	0	0	8	0	0	0	0	8	9	0	3	20	0	0	0	0	0	0	0	0	0	0	0	0	0
s3046	22	4	0	7	3	0	0	0	5	9	3	0	8	1	0	0	0	6	5	0	0	11	2	0	0	0	4	9	1	0	16	8	0	0	0	6	24	5	0	19	6	0	0	0	16
s3075	28	28	0	8	24	0	0	0	0	16	20	0	16	24	0	0	0	1	4	2	0	3	3	0	0	0	0	4	7	0	6	5	0	0	0	1	0	0	0	0	0	0	0	0	0
s3223	22	25	0	15	22	0	0	0	3	21	12	0	17	24	0	0	0	5	0	5	0	0	5	0	0	0	1	5	7	0	3	1	0	0	0	1	0	2	0	1	3	0	0	0	0
s3425	16	29	0	7	22	0	0	0	2	8	19	0	6	29	0	0	0	1	2	7	0	4	9	0	0	0	0	15	10	0	3	8	0	0	0	0	0	0	0	0	3	0	0	0	0
s3710	39	5	0	12	5	0	0	0	1	21	6	0	16	1	0	0	0	0	14	6	0	9	5	0	0	0	2	32	6	0	9	6	0	0	0	0	1	0	0	3	1	0	0	0	0
s3711	14	13	0	20	7	0	0	0	12	4	11	0	3	15	0	0	0	3	6	7	0	7	7	0	0	0	3	12	17	0	3	15	0	0	0	10	1	6	0	1	3	0	0	0	0
s3712	30	30	0	2	14	0	0	0	0	5	21	0	5	19	0	0	0	2	0	16	0	2	4	0	0	0	0	12	22	0	1	12	0	0	0	0	0	3	0	0	0	0	0	0	0
s3735	41	11	0	19	5	0	0	0	3	24	11	0	15	11	0	0	0	1	11	1	0	3	4	0	0	0	0	17	6	0	10	3	0	0	0	2	0	1	0	0	1	0	0	0	0
s3746	36	28	0	1	17	0	0	0	1	6	28	0	4	13	0	0	0	1	1	10	0	0	6	0	0	0	0	24	15	0	0	8	0	0	0	0	1	0	0	0	0	0	0	0	0
s3761	42	9	0	10	17	0	0	0	3	12	12	0	12	11	0	0	0	3	4	6	0	2	5	0	0	0	1	14	15	0	9	9	0	0	0	1	1	1	0	0	1	0	0	0	0
s3762	33	30	0	4	13	0	0	0	0	4	5	0	10	17	0	0	0	1	3	8	0	1	7	0	0	0	1	32	11	0	6	14	0	0	0	0	0	0	0	0	0	0	0	0	0
s3763	31	34	0	0	13	0	0	0	0	6	20	0	3	16	0	0	0	1	2	11	0	3	6	0	0	0	0	22	15	0	2	15	0	0	0	0	0	0	0	0	0	0	0	0	0
s3767	46	21	0	4	9	0	0	0	1	3	20	0	25	18	0	0	0	0	10	4	0	1	3	0	0	0	0	11	4	0	10	8	0	0	0	1	1	0	0	0	0	0	0	0	0
s3768	45	19	0	6	5	0	0	0	1	12	9	0	12	11	0	0	0	0	4	10	0	2	5	0	0	0	0	25	9	0	8	10	0	0	0	1	0	2	0	1	3	0	0	0	0
s3775	53	16	0	9	7	0	0	0	3	17	10	0	33	10	0	0	0	0	3	0	0	1	1	0	0	0	0	15	0	0	8	1	0	0	0	2	9	1	0	1	0	0	0	0	0
s3778	28	15	0	11	8	0	0	0	0	19	10	0	16	7	0	0	0	1	10	9	0	9	9	0	0	0	0	17	12	0	6	11	0	0	0	0	0	0	0	1	1	0	0	0	0
s3783	27	26	0	9	29	0	0	0	2	13	24	0	2	18	0	0	0	2	1	3	0	2	1	0	0	0	0	23	7	0	1	9	0	0	0	1	0	0	0	0	0	0	0	0	0
s3786	14	36	0	3	10	0	0	0	0	1	22	0	2	25	0	0	0	0	5	10	0	2	20	0	0	0	0	9	20	0	2	18	0	0	0	0	0	1	0	0	0	0	0	0	0
s3816	38	23	0	8	11	0	0	0	0	5	11	0	10	20	0	0	0	0	8	2	0	3	7	0	0	0	0	18	19	0	4	11	0	0	0	2	0	0	0	0	0	0	0	0	0
s3849	15	24	0	19	20	0	0	0	0	13	15	0	2	19	0	0	0	0	1	4	0	7	6	0	0	0	0	23	11	0	6	8	0	0	0	0	1	5	0	0	1	0	0	0	0
s3850	34	28	0	6	12	0	0	0	0	7	13	0	7	14	0	0	0	2	3	9	0	3	5	0	0	0	0	32	15	0	2	8	0	0	0	0	0	0	0	0	0	0	0	0	0
s3851	33	28	0	3	17	0	0	0	0	4	28	0	7	30	0	0	0	1	3	7	0	1	3	0	0	0	0	8	8	0	2	8	0	0	0	0	1	3	0	0	4	0	0	0	1
s3852	37	31	0	2	12	0	0	0	0	14	21	0	9	23	0	0	0	0	3	10	0	2	3	0	0	0	0	9	10	0	7	7	0	0	0	0	0	0	0	0	0	0	0	0	0
